ECD_um
30.250568011128124
74.40749667733215
65.66879073862064
59.1088893089199
51.914707389394756
30.532952387122403
34.757091917813476
20.76654134458582
59.31720318677214
31.902346771477802
27.43993336018117
33.63444062635104
56.671985870703956
31.177861986000327
92.00525454824005
50.83787321698797
35.61179311736754
29.803450729828832
35.13837180315745
29.208712223978427
34.872374291774335
33.819091099246926
29.625751382086076
44.58626747284463
22.891940482229
24.4591295801751
48.056000804940744
29.734530366438193
27.721067447965687
19.480120788241145
26.602783346022985
36.95586036574717
47.60718638825471
15.577480381137917
34.942548227455205
25.261420084268035
41.857623084809326
37.6821693634202
49.32834875276297
50.455801608209924
55.25966265297997
47.964285610402555
16.24797382103531
50.99485297991548
59.21982610764708
34.43378656536758
70.1234161429252
23.90043835996909
29.827949215941164
41.47576694002951
5.539806971944515
15.34129443140599
47.369828430481654
63.23923442661451
80.82259788850521
55.855309725528585
18.2035151660542
30.125031064521647
45.76474814247934
7.298604132526349
73.97408541154181
38.58359678065507
40.43942438483199
34.39111331537493
13.906447559310795
11.919432287777594
32.885127436033564
54.77882440847307
28.113412692644197
29.250922680456593
83.4806659629445
28.2556034866705
41.05845842044774
67.26813163080472
35.50155297786475
17.452976130724593
32.20555974756338
56.32765928427147
22.997374371067597
37.15399119400834
50.510268161448444
45.353767889537934
30.24796865130936
40.83745463071484
36.49567955027798
88.40053350597945
13.945892942269676
31.59527913786099
46.247470669831195
55.34630287242587
67.84938143753213
72.44513802268436
26.25121099083856
29.588783824570623
41.76940335975199
34.4450663408905
26.664345847219078
73.28059320048608
53.12067103372618
34.68049989759885
51.53674696259282
46.05042263956498
41.33192002696292
24.870719587456293
49.38852902344439
43.59285074396679
42.064385376817974
44.76240427642697
74.69591288016838
37.18914649809994
30.369273199811005
19.250387027601032
30.09464050887748
49.66653362488133
16.627944198934898
34.04404662858219
35.53223987827801
34.01492187935828
34.5110525445068
22.54122104673065
17.825706128255035
37.96111965199611
37.193412942266555
16.54448826305706
29.576726181125466
44.04554305126733
40.02820532774291
19.137081215220203
50.87068232436378
75.34702966196187
38.510727242360176
44.68355423261329
39.757733939655154
50.84046349477759
29.13522419691864
5.530848795708347
31.380973133352104
42.03595580765071
30.297402144719126
46.775705791116124
4.870128036831084
30.76132259709596
50.098708527172896
38.085775771489615
55.86923850242942
52.338436862312115
65.57533682871677
46.08011538041324
19.742658418310214
49.14199841078079
22.36242851052227
34.80534548865624
48.077608425855544
16.82980113960044
61.690832157358685
53.229750981816544
30.273600245542923
59.1906361606071
53.93427980872253
50.206659353264904
32.59729267081622
13.95013221998432
40.611844160283205
37.86826004485873
25.324540434460836
48.254992379008925
25.921955416462254
55.56418974495374
65.02111437413745
51.958204125705144
98.87642635987633
87.81401766242482
34.92800635308979
76.04474070680692
36.25379894468712
27.147148417217178
31.65936178298435
27.997065147106323
44.958175687782386
24.03337537230808
25.011170126536154
26.20669819060762
45.597982392378924
34.27290895830125
39.51774047714512
80.63840854272917
23.087258522900363
32.56945138397707
33.813651957795685
37.03946573553467
75.63481828976252
61.41980126071016
37.38907953395025
21.670504930215078
22.530710576548618
66.28933676758159
54.59643310959327
24.711410626288085
43.61533807732958
42.44986068537223
95.69723828564517
65.05058005455882
37.323136967004686
40.68419154090105
44.75918834007557
21.478313995685316
28.97567899483174
28.706552165746004
78.70299084619903
41.01717666699598
10.815490112988003
14.446206149034207
13.852232331864037
78.57320677642892
42.57392892601548
53.83337493253555
72.78101539511529
27.161318192604103
61.22470859982064
36.620441487978994
19.112344458089567
6.712938892452019
33.59789142581623
25.902850427300393
31.007953242507742
4.699098229280087
99.47186642642019
56.86624025121382
16.761895381460807
34.09083181134228
35.7249876637372
46.123749447719575
100.74808984861932
23.424892631020025
39.395656536867115
47.02639290640028
47.7069932169914
28.26092730314267
25.407449502659976
57.410206699361
24.876251901927958
99.483634425251
33.373053266671526
32.10685781033699
41.63105138775618
51.27156855968313
113.87568033600559
76.57906841577947
91.22535916515953
81.40055984362341
48.25368841608927
49.679600796984275
60.07377577513908
1.4898151543344587
46.29420933367142
25.831950777997896
60.117953085700094
49.10284243716649
70.58181839069158
28.409803461610146
39.55394434897796
41.14283127136946
45.79441818400033
52.83803920991302
49.75809248331541
13.660954906449613
15.422479582728647
73.49070557654603
21.990885906000436
19.694948375091567
23.700316208180514
46.819408616472145
37.18296706334481
34.66851157241247
40.61617520132547
36.66252819112779
42.7238741227656
35.15990573273249
39.83204359887935
95.58304091708781
14.43004201356263
30.833014929428487
38.961377836668476
59.77886491314666
68.4360966064543
40.93870816443151
47.830355919600315
5.568748906369814
8.616553835646041
27.390574291835698
60.96738121615622
35.61477831857224
45.85726040994338
29.125918390893744
48.51948826081622
20.86508500272128
67.59672182086086
38.76227780477491
2.820499248899344
39.98255354901
17.76406350586937
27.068496327193255
37.99294602272814
36.27785691372345
48.585606474460064
20.209108165516696
11.214754584913067
29.42663511721753
84.12359558909708
39.96727552599509
33.748436442454675
32.16750939212429
16.603903872771465
39.29436797883457
47.883853833187054
42.322808447968306
55.28326539949031
42.66179049144107
19.713751650279153
41.82625450138854
46.683883357203236
24.371707328654804
42.93551667829245
65.91701243642946
22.51714196151154
54.01349799346499
37.15159209647196
47.63302322034281
179.19278788530767
47.05946829696171
28.027554049730206
41.46345948595763
13.64421003878483
56.15036917169819
30.082171195640388
39.31618862262623
8.433639600920557
57.62600394772729
22.279210847532244
42.600847885119265
10.338019144350776
37.73139801146768
75.98877027176596
120.76691415667013
66.86004927435745
28.558767818876525
41.170568379234105
31.66176777358993
54.190421988846865
36.80717184387435
123.22476554875043
0.9464016663878994
57.82925605558773
19.515900784561737
27.4167925202671
34.74082719187885
45.05730729874036
54.25395956240519
33.92397324425211
65.33379595263071
55.74557441849254
29.075248742151153
49.245224976589974
44.28181637385828
39.3067046110023
27.322521703248103
17.09957377136116
44.10154722062848
56.46292382279143
78.71105669232097
26.402944607338483
88.03076334138134
15.497617526139177
42.561011687530325
42.24469158677561
60.28891050183284
19.5228090791879
41.47568899023642
63.77914695634359
29.60716342673092
48.57407238292569
32.83578071991214
52.62054755863728
68.02033757192072
39.75069018787387
81.71025935307225
21.495691668807595
60.43716719762704
47.8811761018188
66.55229849361528
15.387383892125364
41.891368599805226
51.70963862801183
46.5897914927448
62.477876260960294
30.534757038861922
42.13771037949359
97.60004464440777
48.30067059492838
15.55246492256377
26.30435294914174
20.056260187759484
20.54829614149317
17.637598076289382
36.73470363670204
46.434098972649025
98.41994779921855
94.43460970386748
21.32979818237545
66.16097659291704
85.00629262504506
35.943578497952274
40.80079652864787
41.93253832863113
77.37668402229697
30.448022944349617
35.150607163653255
40.53296937429673
76.25052526392564
28.25721778227299
26.28911858693167
68.11423787288952
12.342120791762015
32.04423296195042
49.31683693329695
64.68967035962795
48.57432969387729
27.803888272228814
59.099605016083345
18.486571854637585
33.293622704949144
36.51685015565854
44.489647821000034
33.20263840683964
28.169708763348407
39.133035076116755
62.92138284569143
18.51249054854854
34.45357894345828
10.589627656441701
47.293323295543445
28.807813250019855
26.767706817537594
29.863455437569886
19.017003714039166
20.757297155994806
57.59689028281299
37.67478240663917
41.42901556397641
46.238693977269044
29.074838288702107
41.60547979393878
13.783149396774398
61.59180019125845
53.78113362501919
49.382075968199864
41.197978895311465
49.00562881150129
30.99938541981899
55.874089141087545
56.30355838592968
40.30265226928972
52.236427022286826
59.25947434281801
49.29359128602749
55.36338522667574
30.028615296082894
54.19440336884879
42.10058470281917
74.67518227044205
51.662392415138406
56.215078203680626
44.36896282409123
43.58101099700189
26.576750232239252
35.76374601075934
28.743306049243547
56.49333712243867
62.32938274269692
30.29474298882884
62.054241422600725
36.194918145603324
36.425173776211224
31.624594049359093
60.56599689547462
23.758292086736468
61.382397259638736
44.97477245652077
75.21089340719845
17.790184149625343
70.03261582390786
57.57254964126628
44.14600167083061
26.898125524728194
51.10807344323486
16.665857958866525
61.204316009896345
7.205018613664833
32.65076152683233
40.23694164576574
